<TICKER>,<PER>,<DATE>,<TIME>,<CLOSE>
MOEX.SPBE:TQBR,60,20211119,110000,922.8000000
MOEX.SPBE:TQBR,60,20211119,120000,888.5000000
MOEX.SPBE:TQBR,60,20211119,130000,920.2000000
MOEX.SPBE:TQBR,60,20211119,140000,917.3000000
MOEX.SPBE:TQBR,60,20211119,150000,921.3000000
MOEX.SPBE:TQBR,60,20211119,160000,894.6000000
MOEX.SPBE:TQBR,60,20211119,170000,891.1000000
MOEX.SPBE:TQBR,60,20211119,180000,886.3000000
MOEX.SPBE:TQBR,60,20211119,190000,915.0000000
MOEX.SPBE:TQBR,60,20211119,200000,916.0000000
MOEX.SPBE:TQBR,60,20211119,210000,914.1000000
MOEX.SPBE:TQBR,60,20211119,220000,924.0000000
MOEX.SPBE:TQBR,60,20211119,230000,937.6000000
MOEX.SPBE:TQBR,60,20211120,000000,936.4000000
MOEX.SPBE:TQBR,60,20211122,110000,914.1000000
MOEX.SPBE:TQBR,60,20211122,120000,934.9000000
MOEX.SPBE:TQBR,60,20211122,130000,945.0000000
MOEX.SPBE:TQBR,60,20211122,140000,934.6000000
MOEX.SPBE:TQBR,60,20211122,150000,943.0000000
MOEX.SPBE:TQBR,60,20211122,160000,943.0000000
MOEX.SPBE:TQBR,60,20211122,170000,935.9000000
MOEX.SPBE:TQBR,60,20211122,180000,935.8000000
MOEX.SPBE:TQBR,60,20211122,190000,936.1000000
MOEX.SPBE:TQBR,60,20211122,200000,946.3000000
MOEX.SPBE:TQBR,60,20211122,210000,948.0000000
MOEX.SPBE:TQBR,60,20211122,220000,951.1000000
MOEX.SPBE:TQBR,60,20211122,230000,966.0000000
MOEX.SPBE:TQBR,60,20211123,000000,969.4000000
MOEX.SPBE:TQBR,60,20211123,110000,954.5000000
MOEX.SPBE:TQBR,60,20211123,120000,951.8000000
MOEX.SPBE:TQBR,60,20211123,130000,957.0000000
MOEX.SPBE:TQBR,60,20211123,140000,958.7000000
MOEX.SPBE:TQBR,60,20211123,150000,957.6000000
MOEX.SPBE:TQBR,60,20211123,160000,955.9000000
MOEX.SPBE:TQBR,60,20211123,170000,955.0000000
MOEX.SPBE:TQBR,60,20211123,180000,956.8000000
MOEX.SPBE:TQBR,60,20211123,190000,959.9000000
MOEX.SPBE:TQBR,60,20211123,200000,950.0000000
MOEX.SPBE:TQBR,60,20211123,210000,950.7000000
MOEX.SPBE:TQBR,60,20211123,220000,951.5000000
MOEX.SPBE:TQBR,60,20211123,230000,950.0000000
MOEX.SPBE:TQBR,60,20211124,000000,958.0000000
MOEX.SPBE:TQBR,60,20211124,110000,954.6000000
MOEX.SPBE:TQBR,60,20211124,120000,969.1000000
MOEX.SPBE:TQBR,60,20211124,130000,970.0000000
MOEX.SPBE:TQBR,60,20211124,140000,979.8000000
MOEX.SPBE:TQBR,60,20211124,150000,982.8000000
MOEX.SPBE:TQBR,60,20211124,160000,980.0000000
MOEX.SPBE:TQBR,60,20211124,170000,982.9000000
MOEX.SPBE:TQBR,60,20211124,180000,987.9000000
MOEX.SPBE:TQBR,60,20211124,190000,990.0000000
MOEX.SPBE:TQBR,60,20211124,200000,995.2000000
MOEX.SPBE:TQBR,60,20211124,210000,995.0000000
MOEX.SPBE:TQBR,60,20211124,220000,1000.0000000
MOEX.SPBE:TQBR,60,20211124,230000,1004.7000000
MOEX.SPBE:TQBR,60,20211125,000000,1007.8000000
MOEX.SPBE:TQBR,60,20211125,110000,999.8000000
MOEX.SPBE:TQBR,60,20211125,120000,998.9000000
MOEX.SPBE:TQBR,60,20211125,130000,995.0000000
MOEX.SPBE:TQBR,60,20211125,140000,996.6000000
MOEX.SPBE:TQBR,60,20211125,150000,999.9000000
MOEX.SPBE:TQBR,60,20211125,160000,999.2000000
MOEX.SPBE:TQBR,60,20211125,170000,1004.0000000
MOEX.SPBE:TQBR,60,20211125,180000,1008.0000000
MOEX.SPBE:TQBR,60,20211125,190000,1012.0000000
MOEX.SPBE:TQBR,60,20211125,200000,1022.7000000
MOEX.SPBE:TQBR,60,20211125,210000,1027.8000000
MOEX.SPBE:TQBR,60,20211125,220000,1036.9000000
MOEX.SPBE:TQBR,60,20211125,230000,1044.5000000
MOEX.SPBE:TQBR,60,20211126,000000,1040.5000000
MOEX.SPBE:TQBR,60,20211126,110000,1057.9000000
MOEX.SPBE:TQBR,60,20211126,120000,1032.0000000
MOEX.SPBE:TQBR,60,20211126,130000,1016.6000000
MOEX.SPBE:TQBR,60,20211126,140000,1009.9000000
MOEX.SPBE:TQBR,60,20211126,150000,1019.9000000
MOEX.SPBE:TQBR,60,20211126,160000,1023.6000000
MOEX.SPBE:TQBR,60,20211126,170000,1025.5000000
MOEX.SPBE:TQBR,60,20211126,180000,1023.9000000
MOEX.SPBE:TQBR,60,20211126,190000,1030.0000000
MOEX.SPBE:TQBR,60,20211126,200000,1031.5000000
MOEX.SPBE:TQBR,60,20211126,210000,1034.5000000
MOEX.SPBE:TQBR,60,20211126,220000,1036.4000000
MOEX.SPBE:TQBR,60,20211126,230000,1036.5000000
MOEX.SPBE:TQBR,60,20211127,000000,1036.0000000
MOEX.SPBE:TQBR,60,20211129,110000,1022.4000000
MOEX.SPBE:TQBR,60,20211129,120000,1021.5000000
MOEX.SPBE:TQBR,60,20211129,130000,1010.8000000
MOEX.SPBE:TQBR,60,20211129,140000,1007.3000000
MOEX.SPBE:TQBR,60,20211129,150000,1011.1000000
MOEX.SPBE:TQBR,60,20211129,160000,1013.9000000
MOEX.SPBE:TQBR,60,20211129,170000,1003.0000000
MOEX.SPBE:TQBR,60,20211129,180000,1003.5000000
MOEX.SPBE:TQBR,60,20211129,190000,1015.0000000
MOEX.SPBE:TQBR,60,20211129,200000,1016.1000000
MOEX.SPBE:TQBR,60,20211129,210000,1013.1000000
MOEX.SPBE:TQBR,60,20211129,220000,1016.6000000
MOEX.SPBE:TQBR,60,20211129,230000,1018.9000000
MOEX.SPBE:TQBR,60,20211130,000000,1026.7000000
MOEX.SPBE:TQBR,60,20211130,110000,1020.0000000
MOEX.SPBE:TQBR,60,20211130,120000,1023.0000000
MOEX.SPBE:TQBR,60,20211130,130000,1007.5000000
MOEX.SPBE:TQBR,60,20211130,140000,1009.2000000
MOEX.SPBE:TQBR,60,20211130,150000,1005.5000000
MOEX.SPBE:TQBR,60,20211130,160000,999.9000000
MOEX.SPBE:TQBR,60,20211130,170000,996.8000000
MOEX.SPBE:TQBR,60,20211130,180000,991.1000000
MOEX.SPBE:TQBR,60,20211130,190000,984.0000000
MOEX.SPBE:TQBR,60,20211130,200000,993.9000000
MOEX.SPBE:TQBR,60,20211130,210000,997.0000000
MOEX.SPBE:TQBR,60,20211130,220000,997.0000000
MOEX.SPBE:TQBR,60,20211130,230000,998.1000000
MOEX.SPBE:TQBR,60,20211201,000000,997.0000000
MOEX.SPBE:TQBR,60,20211201,110000,1007.1000000
MOEX.SPBE:TQBR,60,20211201,120000,1006.9000000
MOEX.SPBE:TQBR,60,20211201,130000,1007.5000000
MOEX.SPBE:TQBR,60,20211201,140000,1007.3000000
MOEX.SPBE:TQBR,60,20211201,150000,1005.3000000
MOEX.SPBE:TQBR,60,20211201,160000,1000.4000000
MOEX.SPBE:TQBR,60,20211201,170000,1000.8000000
MOEX.SPBE:TQBR,60,20211201,180000,997.4000000
MOEX.SPBE:TQBR,60,20211201,190000,998.0000000
MOEX.SPBE:TQBR,60,20211201,200000,1002.4000000
MOEX.SPBE:TQBR,60,20211201,210000,1004.0000000
MOEX.SPBE:TQBR,60,20211201,220000,1002.9000000
MOEX.SPBE:TQBR,60,20211201,230000,1004.6000000
MOEX.SPBE:TQBR,60,20211202,000000,1008.3000000
MOEX.SPBE:TQBR,60,20211202,110000,1006.3000000
MOEX.SPBE:TQBR,60,20211202,120000,1001.2000000
MOEX.SPBE:TQBR,60,20211202,130000,1000.0000000
MOEX.SPBE:TQBR,60,20211202,140000,995.7000000
MOEX.SPBE:TQBR,60,20211202,150000,991.7000000
MOEX.SPBE:TQBR,60,20211202,160000,986.7000000
MOEX.SPBE:TQBR,60,20211202,170000,984.1000000
MOEX.SPBE:TQBR,60,20211202,180000,979.8000000
MOEX.SPBE:TQBR,60,20211202,190000,981.5000000
MOEX.SPBE:TQBR,60,20211202,200000,984.6000000
MOEX.SPBE:TQBR,60,20211202,210000,986.0000000
MOEX.SPBE:TQBR,60,20211202,220000,989.0000000
MOEX.SPBE:TQBR,60,20211202,230000,985.9000000
MOEX.SPBE:TQBR,60,20211203,000000,983.5000000
MOEX.SPBE:TQBR,60,20211203,110000,987.1000000
MOEX.SPBE:TQBR,60,20211203,120000,986.0000000
MOEX.SPBE:TQBR,60,20211203,130000,970.3000000
MOEX.SPBE:TQBR,60,20211203,140000,979.3000000
MOEX.SPBE:TQBR,60,20211203,150000,971.7000000
MOEX.SPBE:TQBR,60,20211203,160000,965.0000000
MOEX.SPBE:TQBR,60,20211203,170000,963.8000000
MOEX.SPBE:TQBR,60,20211203,180000,964.0000000
MOEX.SPBE:TQBR,60,20211203,190000,968.2000000
MOEX.SPBE:TQBR,60,20211203,200000,972.3000000
MOEX.SPBE:TQBR,60,20211203,210000,970.8000000
MOEX.SPBE:TQBR,60,20211203,220000,969.6000000
MOEX.SPBE:TQBR,60,20211203,230000,970.8000000
MOEX.SPBE:TQBR,60,20211204,000000,975.0000000
MOEX.SPBE:TQBR,60,20211206,110000,965.2000000
MOEX.SPBE:TQBR,60,20211206,120000,965.9000000
MOEX.SPBE:TQBR,60,20211206,130000,955.0000000
MOEX.SPBE:TQBR,60,20211206,140000,953.5000000
MOEX.SPBE:TQBR,60,20211206,150000,951.0000000
MOEX.SPBE:TQBR,60,20211206,160000,950.5000000
MOEX.SPBE:TQBR,60,20211206,170000,948.6000000
MOEX.SPBE:TQBR,60,20211206,180000,944.9000000
MOEX.SPBE:TQBR,60,20211206,190000,944.0000000
MOEX.SPBE:TQBR,60,20211206,200000,950.0000000
MOEX.SPBE:TQBR,60,20211206,210000,949.9000000
MOEX.SPBE:TQBR,60,20211206,220000,951.9000000
MOEX.SPBE:TQBR,60,20211206,230000,962.0000000
MOEX.SPBE:TQBR,60,20211207,000000,973.1000000
MOEX.SPBE:TQBR,60,20211207,110000,968.9000000
MOEX.SPBE:TQBR,60,20211207,120000,969.3000000
MOEX.SPBE:TQBR,60,20211207,130000,972.5000000
MOEX.SPBE:TQBR,60,20211207,140000,981.7000000
MOEX.SPBE:TQBR,60,20211207,150000,987.9000000
MOEX.SPBE:TQBR,60,20211207,160000,992.9000000
MOEX.SPBE:TQBR,60,20211207,170000,1002.8000000
MOEX.SPBE:TQBR,60,20211207,180000,1001.2000000
MOEX.SPBE:TQBR,60,20211207,190000,1000.0000000
MOEX.SPBE:TQBR,60,20211207,200000,998.5000000
MOEX.SPBE:TQBR,60,20211207,210000,1000.0000000
MOEX.SPBE:TQBR,60,20211207,220000,998.9000000
MOEX.SPBE:TQBR,60,20211207,230000,996.0000000
MOEX.SPBE:TQBR,60,20211208,000000,1000.0000000
MOEX.SPBE:TQBR,60,20211208,110000,1000.0000000
MOEX.SPBE:TQBR,60,20211208,120000,1005.2000000
MOEX.SPBE:TQBR,60,20211208,130000,1001.0000000
MOEX.SPBE:TQBR,60,20211208,140000,1000.2000000
MOEX.SPBE:TQBR,60,20211208,150000,1012.0000000
MOEX.SPBE:TQBR,60,20211208,160000,1013.0000000
MOEX.SPBE:TQBR,60,20211208,170000,1009.8000000
MOEX.SPBE:TQBR,60,20211208,180000,1006.0000000
MOEX.SPBE:TQBR,60,20211208,190000,1005.0000000
MOEX.SPBE:TQBR,60,20211208,200000,1011.8000000
MOEX.SPBE:TQBR,60,20211208,210000,1013.0000000
MOEX.SPBE:TQBR,60,20211208,220000,1015.6000000
MOEX.SPBE:TQBR,60,20211208,230000,1019.0000000
MOEX.SPBE:TQBR,60,20211209,000000,1024.8000000
MOEX.SPBE:TQBR,60,20211209,110000,1022.8000000
MOEX.SPBE:TQBR,60,20211209,120000,1013.8000000
MOEX.SPBE:TQBR,60,20211209,130000,1010.8000000
MOEX.SPBE:TQBR,60,20211209,140000,1011.1000000
MOEX.SPBE:TQBR,60,20211209,150000,1008.6000000
MOEX.SPBE:TQBR,60,20211209,160000,1007.0000000
MOEX.SPBE:TQBR,60,20211209,170000,1009.1000000
MOEX.SPBE:TQBR,60,20211209,180000,1011.4000000
MOEX.SPBE:TQBR,60,20211209,190000,1001.6000000
MOEX.SPBE:TQBR,60,20211209,200000,1009.3000000
MOEX.SPBE:TQBR,60,20211209,210000,1013.4000000
MOEX.SPBE:TQBR,60,20211209,220000,1013.0000000
MOEX.SPBE:TQBR,60,20211209,230000,1014.7000000
MOEX.SPBE:TQBR,60,20211210,000000,1011.9000000
MOEX.SPBE:TQBR,60,20211210,110000,1011.9000000
MOEX.SPBE:TQBR,60,20211210,120000,1008.5000000
MOEX.SPBE:TQBR,60,20211210,130000,1012.8000000
MOEX.SPBE:TQBR,60,20211210,140000,1015.0000000
MOEX.SPBE:TQBR,60,20211210,150000,1014.7000000
MOEX.SPBE:TQBR,60,20211210,160000,1015.0000000
MOEX.SPBE:TQBR,60,20211210,170000,1013.0000000
MOEX.SPBE:TQBR,60,20211210,180000,1007.2000000
MOEX.SPBE:TQBR,60,20211210,190000,1011.4000000
MOEX.SPBE:TQBR,60,20211210,200000,1015.4000000
MOEX.SPBE:TQBR,60,20211210,210000,1024.2000000
MOEX.SPBE:TQBR,60,20211210,220000,1022.8000000
MOEX.SPBE:TQBR,60,20211210,230000,1024.0000000
MOEX.SPBE:TQBR,60,20211211,000000,1021.9000000
MOEX.SPBE:TQBR,60,20211213,110000,1030.1000000
MOEX.SPBE:TQBR,60,20211213,120000,1032.3000000
MOEX.SPBE:TQBR,60,20211213,130000,1031.8000000
MOEX.SPBE:TQBR,60,20211213,140000,1030.0000000
MOEX.SPBE:TQBR,60,20211213,150000,1028.3000000
MOEX.SPBE:TQBR,60,20211213,160000,1024.4000000
MOEX.SPBE:TQBR,60,20211213,170000,1024.7000000
MOEX.SPBE:TQBR,60,20211213,180000,1029.2000000
MOEX.SPBE:TQBR,60,20211213,190000,1028.6000000
MOEX.SPBE:TQBR,60,20211213,200000,1030.1000000
MOEX.SPBE:TQBR,60,20211213,210000,1029.4000000
MOEX.SPBE:TQBR,60,20211213,220000,1028.0000000
MOEX.SPBE:TQBR,60,20211213,230000,1021.3000000
MOEX.SPBE:TQBR,60,20211214,000000,1032.0000000
MOEX.SPBE:TQBR,60,20211214,110000,1041.5000000
MOEX.SPBE:TQBR,60,20211214,120000,1037.0000000
MOEX.SPBE:TQBR,60,20211214,130000,1034.0000000
MOEX.SPBE:TQBR,60,20211214,140000,1026.4000000
MOEX.SPBE:TQBR,60,20211214,150000,1027.7000000
MOEX.SPBE:TQBR,60,20211214,160000,1027.0000000
MOEX.SPBE:TQBR,60,20211214,170000,1025.8000000
MOEX.SPBE:TQBR,60,20211214,180000,1023.9000000
MOEX.SPBE:TQBR,60,20211214,190000,1021.4000000
MOEX.SPBE:TQBR,60,20211214,200000,1023.2000000
MOEX.SPBE:TQBR,60,20211214,210000,1025.6000000
MOEX.SPBE:TQBR,60,20211214,220000,1026.7000000
MOEX.SPBE:TQBR,60,20211214,230000,1027.0000000
MOEX.SPBE:TQBR,60,20211215,000000,1025.0000000
MOEX.SPBE:TQBR,60,20211215,110000,1030.2000000
MOEX.SPBE:TQBR,60,20211215,120000,1029.9000000
MOEX.SPBE:TQBR,60,20211215,130000,1028.5000000
MOEX.SPBE:TQBR,60,20211215,140000,1027.3000000
MOEX.SPBE:TQBR,60,20211215,150000,1028.0000000
MOEX.SPBE:TQBR,60,20211215,160000,1025.1000000
MOEX.SPBE:TQBR,60,20211215,170000,1022.3000000
MOEX.SPBE:TQBR,60,20211215,180000,1023.9000000
MOEX.SPBE:TQBR,60,20211215,190000,1023.7000000
MOEX.SPBE:TQBR,60,20211215,200000,1027.5000000
MOEX.SPBE:TQBR,60,20211215,210000,1029.9000000
MOEX.SPBE:TQBR,60,20211215,220000,1029.2000000
MOEX.SPBE:TQBR,60,20211215,230000,1026.3000000
MOEX.SPBE:TQBR,60,20211216,000000,1026.1000000
MOEX.SPBE:TQBR,60,20211216,110000,1020.6000000
MOEX.SPBE:TQBR,60,20211216,120000,1015.7000000
MOEX.SPBE:TQBR,60,20211216,130000,1013.0000000
MOEX.SPBE:TQBR,60,20211216,140000,1012.9000000
MOEX.SPBE:TQBR,60,20211216,150000,1012.0000000
MOEX.SPBE:TQBR,60,20211216,160000,1011.8000000
MOEX.SPBE:TQBR,60,20211216,170000,1009.4000000
MOEX.SPBE:TQBR,60,20211216,180000,1013.5000000
MOEX.SPBE:TQBR,60,20211216,190000,1014.7000000
MOEX.SPBE:TQBR,60,20211216,200000,1015.1000000
MOEX.SPBE:TQBR,60,20211216,210000,1013.0000000
MOEX.SPBE:TQBR,60,20211216,220000,1015.8000000
MOEX.SPBE:TQBR,60,20211216,230000,1015.9000000
MOEX.SPBE:TQBR,60,20211217,000000,1018.9000000
MOEX.SPBE:TQBR,60,20211217,110000,1024.9000000
MOEX.SPBE:TQBR,60,20211217,120000,1021.0000000
MOEX.SPBE:TQBR,60,20211217,130000,1019.3000000
MOEX.SPBE:TQBR,60,20211217,140000,1024.3000000
MOEX.SPBE:TQBR,60,20211217,150000,1018.1000000
MOEX.SPBE:TQBR,60,20211217,160000,1021.1000000
MOEX.SPBE:TQBR,60,20211217,170000,1013.4000000
MOEX.SPBE:TQBR,60,20211217,180000,1014.2000000
MOEX.SPBE:TQBR,60,20211217,190000,1016.3000000
MOEX.SPBE:TQBR,60,20211217,200000,1019.0000000
MOEX.SPBE:TQBR,60,20211217,210000,1020.9000000
MOEX.SPBE:TQBR,60,20211217,220000,1019.2000000
MOEX.SPBE:TQBR,60,20211217,230000,1019.4000000
MOEX.SPBE:TQBR,60,20211218,000000,1018.3000000
MOEX.SPBE:TQBR,60,20211220,110000,1012.7000000
MOEX.SPBE:TQBR,60,20211220,120000,1008.8000000
MOEX.SPBE:TQBR,60,20211220,130000,1003.4000000
MOEX.SPBE:TQBR,60,20211220,140000,1003.1000000
MOEX.SPBE:TQBR,60,20211220,150000,1002.4000000
MOEX.SPBE:TQBR,60,20211220,160000,997.4000000
MOEX.SPBE:TQBR,60,20211220,170000,999.7000000
MOEX.SPBE:TQBR,60,20211220,180000,999.1000000
MOEX.SPBE:TQBR,60,20211220,190000,998.8000000
MOEX.SPBE:TQBR,60,20211220,200000,999.8000000
MOEX.SPBE:TQBR,60,20211220,210000,999.3000000
MOEX.SPBE:TQBR,60,20211220,220000,999.6000000
MOEX.SPBE:TQBR,60,20211220,230000,999.0000000
MOEX.SPBE:TQBR,60,20211221,000000,998.1000000
MOEX.SPBE:TQBR,60,20211221,110000,998.4000000
MOEX.SPBE:TQBR,60,20211221,120000,995.3000000
MOEX.SPBE:TQBR,60,20211221,130000,994.4000000
MOEX.SPBE:TQBR,60,20211221,140000,994.0000000
MOEX.SPBE:TQBR,60,20211221,150000,991.6000000
MOEX.SPBE:TQBR,60,20211221,160000,991.0000000
MOEX.SPBE:TQBR,60,20211221,170000,991.8000000
MOEX.SPBE:TQBR,60,20211221,180000,989.0000000
MOEX.SPBE:TQBR,60,20211221,190000,989.1000000
MOEX.SPBE:TQBR,60,20211221,200000,993.6000000
MOEX.SPBE:TQBR,60,20211221,210000,993.7000000
MOEX.SPBE:TQBR,60,20211221,220000,995.0000000
MOEX.SPBE:TQBR,60,20211221,230000,994.9000000
MOEX.SPBE:TQBR,60,20211222,000000,995.8000000
MOEX.SPBE:TQBR,60,20211222,110000,989.9000000
MOEX.SPBE:TQBR,60,20211222,120000,990.0000000
MOEX.SPBE:TQBR,60,20211222,130000,989.6000000
MOEX.SPBE:TQBR,60,20211222,140000,990.0000000
MOEX.SPBE:TQBR,60,20211222,150000,989.6000000
MOEX.SPBE:TQBR,60,20211222,160000,986.0000000
MOEX.SPBE:TQBR,60,20211222,170000,985.8000000
MOEX.SPBE:TQBR,60,20211222,180000,987.3000000
MOEX.SPBE:TQBR,60,20211222,190000,984.5000000
MOEX.SPBE:TQBR,60,20211222,200000,985.1000000
MOEX.SPBE:TQBR,60,20211222,210000,985.0000000
MOEX.SPBE:TQBR,60,20211222,220000,983.0000000
MOEX.SPBE:TQBR,60,20211222,230000,983.6000000
MOEX.SPBE:TQBR,60,20211223,000000,987.3000000
MOEX.SPBE:TQBR,60,20211223,110000,978.6000000
MOEX.SPBE:TQBR,60,20211223,120000,973.3000000
MOEX.SPBE:TQBR,60,20211223,130000,969.7000000
MOEX.SPBE:TQBR,60,20211223,140000,970.0000000
MOEX.SPBE:TQBR,60,20211223,150000,969.5000000
MOEX.SPBE:TQBR,60,20211223,160000,958.9000000
MOEX.SPBE:TQBR,60,20211223,170000,953.1000000
MOEX.SPBE:TQBR,60,20211223,180000,949.4000000
MOEX.SPBE:TQBR,60,20211223,190000,949.8000000
MOEX.SPBE:TQBR,60,20211223,200000,950.0000000
MOEX.SPBE:TQBR,60,20211223,210000,950.0000000
MOEX.SPBE:TQBR,60,20211223,220000,972.0000000
MOEX.SPBE:TQBR,60,20211223,230000,981.1000000
MOEX.SPBE:TQBR,60,20211224,000000,982.9000000
MOEX.SPBE:TQBR,60,20211224,110000,955.0000000
MOEX.SPBE:TQBR,60,20211224,120000,957.6000000
MOEX.SPBE:TQBR,60,20211224,130000,959.0000000
MOEX.SPBE:TQBR,60,20211224,140000,958.2000000
MOEX.SPBE:TQBR,60,20211224,150000,960.0000000
MOEX.SPBE:TQBR,60,20211224,160000,957.1000000
MOEX.SPBE:TQBR,60,20211224,170000,964.0000000
MOEX.SPBE:TQBR,60,20211224,180000,968.5000000
MOEX.SPBE:TQBR,60,20211224,190000,968.5000000
MOEX.SPBE:TQBR,60,20211224,200000,966.0000000
MOEX.SPBE:TQBR,60,20211224,210000,971.0000000
MOEX.SPBE:TQBR,60,20211224,220000,960.9000000
MOEX.SPBE:TQBR,60,20211224,230000,964.6000000
MOEX.SPBE:TQBR,60,20211225,000000,964.0000000
MOEX.SPBE:TQBR,60,20211227,110000,964.0000000
MOEX.SPBE:TQBR,60,20211227,120000,962.5000000
MOEX.SPBE:TQBR,60,20211227,130000,968.5000000
MOEX.SPBE:TQBR,60,20211227,140000,965.0000000
MOEX.SPBE:TQBR,60,20211227,150000,959.5000000
MOEX.SPBE:TQBR,60,20211227,160000,960.0000000
MOEX.SPBE:TQBR,60,20211227,170000,958.5000000
MOEX.SPBE:TQBR,60,20211227,180000,958.1000000
MOEX.SPBE:TQBR,60,20211227,190000,963.0000000
MOEX.SPBE:TQBR,60,20211227,200000,967.7000000
MOEX.SPBE:TQBR,60,20211227,210000,967.8000000
MOEX.SPBE:TQBR,60,20211227,220000,970.0000000
MOEX.SPBE:TQBR,60,20211227,230000,969.2000000
MOEX.SPBE:TQBR,60,20211228,000000,967.0000000
MOEX.SPBE:TQBR,60,20211228,110000,966.1000000
MOEX.SPBE:TQBR,60,20211228,120000,964.2000000
MOEX.SPBE:TQBR,60,20211228,130000,963.2000000
MOEX.SPBE:TQBR,60,20211228,140000,962.4000000
MOEX.SPBE:TQBR,60,20211228,150000,962.8000000
MOEX.SPBE:TQBR,60,20211228,160000,961.5000000
MOEX.SPBE:TQBR,60,20211228,170000,966.6000000
MOEX.SPBE:TQBR,60,20211228,180000,968.0000000
MOEX.SPBE:TQBR,60,20211228,190000,972.0000000
MOEX.SPBE:TQBR,60,20211228,200000,969.5000000
MOEX.SPBE:TQBR,60,20211228,210000,968.9000000
MOEX.SPBE:TQBR,60,20211228,220000,968.0000000
MOEX.SPBE:TQBR,60,20211228,230000,969.6000000
MOEX.SPBE:TQBR,60,20211229,000000,973.0000000
MOEX.SPBE:TQBR,60,20211229,110000,969.0000000
MOEX.SPBE:TQBR,60,20211229,120000,967.3000000
MOEX.SPBE:TQBR,60,20211229,130000,970.0000000
MOEX.SPBE:TQBR,60,20211229,140000,966.0000000
MOEX.SPBE:TQBR,60,20211229,150000,966.1000000
MOEX.SPBE:TQBR,60,20211229,160000,969.4000000
MOEX.SPBE:TQBR,60,20211229,170000,969.8000000
MOEX.SPBE:TQBR,60,20211229,180000,971.9000000
MOEX.SPBE:TQBR,60,20211229,190000,972.0000000
MOEX.SPBE:TQBR,60,20211229,200000,976.5000000
MOEX.SPBE:TQBR,60,20211229,210000,975.0000000
MOEX.SPBE:TQBR,60,20211229,220000,975.6000000
MOEX.SPBE:TQBR,60,20211229,230000,975.0000000
MOEX.SPBE:TQBR,60,20211230,000000,977.0000000
MOEX.SPBE:TQBR,60,20211230,110000,978.0000000
MOEX.SPBE:TQBR,60,20211230,120000,981.0000000
MOEX.SPBE:TQBR,60,20211230,130000,983.0000000
MOEX.SPBE:TQBR,60,20211230,140000,982.8000000
MOEX.SPBE:TQBR,60,20211230,150000,986.6000000
MOEX.SPBE:TQBR,60,20211230,160000,985.2000000
MOEX.SPBE:TQBR,60,20211230,170000,986.4000000
MOEX.SPBE:TQBR,60,20211230,180000,985.6000000
MOEX.SPBE:TQBR,60,20211230,190000,986.6000000
MOEX.SPBE:TQBR,60,20211230,200000,984.0000000
MOEX.SPBE:TQBR,60,20211230,210000,984.3000000
MOEX.SPBE:TQBR,60,20211230,220000,985.9000000
MOEX.SPBE:TQBR,60,20211230,230000,986.1000000
MOEX.SPBE:TQBR,60,20211231,000000,984.0000000
