<TICKER>,<PER>,<DATE>,<TIME>,<CLOSE>
SNGS,60,20210104,110000,36.3450000
SNGS,60,20210104,120000,36.3300000
SNGS,60,20210104,130000,36.3550000
SNGS,60,20210104,140000,36.3200000
SNGS,60,20210104,150000,36.2600000
SNGS,60,20210104,160000,36.2550000
SNGS,60,20210104,170000,36.2400000
SNGS,60,20210104,180000,36.3900000
SNGS,60,20210104,190000,36.4200000
SNGS,60,20210104,200000,36.2000000
SNGS,60,20210104,210000,36.0900000
SNGS,60,20210104,220000,36.1550000
SNGS,60,20210104,230000,36.1600000
SNGS,60,20210105,000000,36.1100000
SNGS,60,20210105,110000,36.0450000
SNGS,60,20210105,120000,36.2300000
SNGS,60,20210105,130000,36.1950000
SNGS,60,20210105,140000,36.1950000
SNGS,60,20210105,150000,36.1200000
SNGS,60,20210105,160000,36.2350000
SNGS,60,20210105,170000,36.1550000
SNGS,60,20210105,180000,36.4150000
SNGS,60,20210105,190000,36.4700000
SNGS,60,20210105,200000,36.4250000
SNGS,60,20210105,210000,36.4600000
SNGS,60,20210105,220000,36.6100000
SNGS,60,20210105,230000,36.7000000
SNGS,60,20210106,000000,36.7500000
SNGS,60,20210106,110000,36.7750000
SNGS,60,20210106,120000,36.5100000
SNGS,60,20210106,130000,36.6400000
SNGS,60,20210106,140000,36.8300000
SNGS,60,20210106,150000,36.6000000
SNGS,60,20210106,160000,36.5450000
SNGS,60,20210106,170000,36.5450000
SNGS,60,20210106,180000,36.6050000
SNGS,60,20210106,190000,37.0000000
SNGS,60,20210106,200000,36.8800000
SNGS,60,20210106,210000,36.8250000
SNGS,60,20210106,220000,36.9350000
SNGS,60,20210106,230000,36.7850000
SNGS,60,20210107,000000,36.7450000
SNGS,60,20210108,110000,37.2800000
SNGS,60,20210108,120000,37.4200000
SNGS,60,20210108,130000,37.3050000
SNGS,60,20210108,140000,37.4200000
SNGS,60,20210108,150000,37.5000000
SNGS,60,20210108,160000,37.5750000
SNGS,60,20210108,170000,37.7450000
SNGS,60,20210108,180000,37.7350000
SNGS,60,20210108,190000,37.7500000
SNGS,60,20210108,200000,37.6050000
SNGS,60,20210108,210000,37.5800000
SNGS,60,20210108,220000,37.6250000
SNGS,60,20210108,230000,37.6950000
SNGS,60,20210109,000000,37.7050000
SNGS,60,20210111,110000,37.4700000
SNGS,60,20210111,120000,37.9850000
SNGS,60,20210111,130000,37.6200000
SNGS,60,20210111,140000,37.5700000
SNGS,60,20210111,150000,37.6600000
SNGS,60,20210111,160000,37.6400000
SNGS,60,20210111,170000,37.3600000
SNGS,60,20210111,180000,37.4950000
SNGS,60,20210111,190000,37.8500000
SNGS,60,20210111,200000,37.8350000
SNGS,60,20210111,210000,37.8200000
SNGS,60,20210111,220000,37.6550000
SNGS,60,20210111,230000,37.5200000
SNGS,60,20210112,000000,37.6050000
SNGS,60,20210112,110000,37.8750000
SNGS,60,20210112,120000,37.6700000
SNGS,60,20210112,130000,37.6550000
SNGS,60,20210112,140000,37.7300000
SNGS,60,20210112,150000,37.7850000
SNGS,60,20210112,160000,37.7100000
SNGS,60,20210112,170000,37.6100000
SNGS,60,20210112,180000,37.2950000
SNGS,60,20210112,190000,37.6000000
SNGS,60,20210112,200000,37.5750000
SNGS,60,20210112,210000,37.5700000
SNGS,60,20210112,220000,37.5300000
SNGS,60,20210112,230000,37.5900000
SNGS,60,20210113,000000,37.6350000
SNGS,60,20210113,110000,37.6450000
SNGS,60,20210113,120000,37.3500000
SNGS,60,20210113,130000,37.3000000
SNGS,60,20210113,140000,37.1000000
SNGS,60,20210113,150000,37.1700000
SNGS,60,20210113,160000,37.0800000
SNGS,60,20210113,170000,36.9750000
SNGS,60,20210113,180000,37.1550000
SNGS,60,20210113,190000,37.3050000
SNGS,60,20210113,200000,37.2150000
SNGS,60,20210113,210000,37.3000000
SNGS,60,20210113,220000,37.3450000
SNGS,60,20210113,230000,37.2700000
SNGS,60,20210114,000000,37.2850000
SNGS,60,20210114,110000,37.4450000
SNGS,60,20210114,120000,37.4600000
SNGS,60,20210114,130000,37.4550000
SNGS,60,20210114,140000,37.3250000
SNGS,60,20210114,150000,37.1850000
SNGS,60,20210114,160000,37.4300000
SNGS,60,20210114,170000,37.5000000
SNGS,60,20210114,180000,37.6250000
SNGS,60,20210114,190000,37.5050000
SNGS,60,20210114,200000,37.4500000
SNGS,60,20210114,210000,37.5000000
SNGS,60,20210114,220000,37.5800000
SNGS,60,20210114,230000,37.5150000
SNGS,60,20210115,000000,37.5200000
SNGS,60,20210115,110000,37.3650000
SNGS,60,20210115,120000,37.3600000
SNGS,60,20210115,130000,37.3150000
SNGS,60,20210115,140000,37.2250000
SNGS,60,20210115,150000,37.0950000
SNGS,60,20210115,160000,36.9400000
SNGS,60,20210115,170000,36.9350000
SNGS,60,20210115,180000,37.0400000
SNGS,60,20210115,190000,36.6800000
SNGS,60,20210115,200000,36.7300000
SNGS,60,20210115,210000,36.7150000
SNGS,60,20210115,220000,36.7500000
SNGS,60,20210115,230000,36.4700000
SNGS,60,20210116,000000,36.4950000
SNGS,60,20210118,110000,35.9750000
SNGS,60,20210118,120000,36.0750000
SNGS,60,20210118,130000,35.9750000
SNGS,60,20210118,140000,36.1250000
SNGS,60,20210118,150000,36.4750000
SNGS,60,20210118,160000,36.2600000
SNGS,60,20210118,170000,36.0900000
SNGS,60,20210118,180000,36.2300000
SNGS,60,20210118,190000,36.0650000
SNGS,60,20210118,200000,36.2450000
SNGS,60,20210118,210000,36.1550000
SNGS,60,20210118,220000,36.1850000
SNGS,60,20210118,230000,36.1600000
SNGS,60,20210119,000000,36.2050000
SNGS,60,20210119,110000,36.2500000
SNGS,60,20210119,120000,36.1950000
SNGS,60,20210119,130000,36.2450000
SNGS,60,20210119,140000,36.2950000
SNGS,60,20210119,150000,36.3150000
SNGS,60,20210119,160000,36.2700000
SNGS,60,20210119,170000,36.0650000
SNGS,60,20210119,180000,35.9100000
SNGS,60,20210119,190000,35.9500000
SNGS,60,20210119,200000,35.9600000
SNGS,60,20210119,210000,36.0100000
SNGS,60,20210119,220000,35.9950000
SNGS,60,20210119,230000,36.0100000
SNGS,60,20210120,000000,36.0450000
SNGS,60,20210120,110000,35.9900000
SNGS,60,20210120,120000,36.1400000
SNGS,60,20210120,130000,36.1500000
SNGS,60,20210120,140000,36.0700000
SNGS,60,20210120,150000,35.9900000
SNGS,60,20210120,160000,36.1250000
SNGS,60,20210120,170000,36.0050000
SNGS,60,20210120,180000,35.8300000
SNGS,60,20210120,190000,35.9900000
SNGS,60,20210120,200000,35.9050000
SNGS,60,20210120,210000,35.9350000
SNGS,60,20210120,220000,35.9000000
SNGS,60,20210120,230000,35.9250000
SNGS,60,20210121,000000,35.9250000
SNGS,60,20210121,110000,35.9950000
SNGS,60,20210121,120000,35.2250000
SNGS,60,20210121,130000,34.8100000
SNGS,60,20210121,140000,34.8850000
SNGS,60,20210121,150000,34.8500000
SNGS,60,20210121,160000,35.1000000
SNGS,60,20210121,170000,35.0500000
SNGS,60,20210121,180000,34.8000000
SNGS,60,20210121,190000,34.7500000
SNGS,60,20210121,200000,34.8950000
SNGS,60,20210121,210000,34.8400000
SNGS,60,20210121,220000,34.8450000
SNGS,60,20210121,230000,34.8850000
SNGS,60,20210122,000000,34.8850000
SNGS,60,20210122,110000,35.0350000
SNGS,60,20210122,120000,34.8250000
SNGS,60,20210122,130000,34.9200000
SNGS,60,20210122,140000,34.9550000
SNGS,60,20210122,150000,34.9400000
SNGS,60,20210122,160000,34.8800000
SNGS,60,20210122,170000,34.9150000
SNGS,60,20210122,180000,34.9300000
SNGS,60,20210122,190000,34.8800000
SNGS,60,20210122,200000,34.9550000
SNGS,60,20210122,210000,35.0100000
SNGS,60,20210122,220000,35.0400000
SNGS,60,20210122,230000,35.0450000
SNGS,60,20210123,000000,35.0200000
SNGS,60,20210125,110000,35.2000000
SNGS,60,20210125,120000,35.1600000
SNGS,60,20210125,130000,35.1250000
SNGS,60,20210125,140000,35.1450000
SNGS,60,20210125,150000,35.2000000
SNGS,60,20210125,160000,35.1450000
SNGS,60,20210125,170000,34.9450000
SNGS,60,20210125,180000,34.9500000
SNGS,60,20210125,190000,34.9900000
SNGS,60,20210125,200000,34.9300000
SNGS,60,20210125,210000,34.9500000
SNGS,60,20210125,220000,34.9750000
SNGS,60,20210125,230000,35.0100000
SNGS,60,20210126,000000,35.0550000
SNGS,60,20210126,110000,34.9350000
SNGS,60,20210126,120000,35.1300000
SNGS,60,20210126,130000,35.0250000
SNGS,60,20210126,140000,34.9450000
SNGS,60,20210126,150000,34.9000000
SNGS,60,20210126,160000,34.8650000
SNGS,60,20210126,170000,34.8050000
SNGS,60,20210126,180000,34.7600000
SNGS,60,20210126,190000,34.9900000
SNGS,60,20210126,200000,34.9000000
SNGS,60,20210126,210000,34.9100000
SNGS,60,20210126,220000,34.9150000
SNGS,60,20210126,230000,34.9200000
SNGS,60,20210127,000000,34.9250000
SNGS,60,20210127,110000,34.9000000
SNGS,60,20210127,120000,34.7450000
SNGS,60,20210127,130000,34.6900000
SNGS,60,20210127,140000,34.7350000
SNGS,60,20210127,150000,34.3400000
SNGS,60,20210127,160000,34.3200000
SNGS,60,20210127,170000,34.3150000
SNGS,60,20210127,180000,34.3000000
SNGS,60,20210127,190000,34.2100000
SNGS,60,20210127,200000,34.3000000
SNGS,60,20210127,210000,34.3500000
SNGS,60,20210127,220000,34.3800000
SNGS,60,20210127,230000,34.2900000
SNGS,60,20210128,000000,34.2700000
SNGS,60,20210128,110000,34.3250000
SNGS,60,20210128,120000,34.3000000
SNGS,60,20210128,130000,34.3400000
SNGS,60,20210128,140000,34.2400000
SNGS,60,20210128,150000,34.2250000
SNGS,60,20210128,160000,34.2050000
SNGS,60,20210128,170000,34.3950000
SNGS,60,20210128,180000,34.3050000
SNGS,60,20210128,190000,34.1750000
SNGS,60,20210128,200000,34.1950000
SNGS,60,20210128,210000,34.2300000
SNGS,60,20210128,220000,34.3000000
SNGS,60,20210128,230000,34.2400000
SNGS,60,20210129,000000,34.2700000
SNGS,60,20210129,110000,34.1200000
SNGS,60,20210129,120000,33.9000000
SNGS,60,20210129,130000,33.5850000
SNGS,60,20210129,140000,33.6700000
SNGS,60,20210129,150000,33.7400000
SNGS,60,20210129,160000,33.6350000
SNGS,60,20210129,170000,33.6200000
SNGS,60,20210129,180000,33.5350000
SNGS,60,20210129,190000,33.6050000
SNGS,60,20210129,200000,33.4800000
SNGS,60,20210129,210000,33.4600000
SNGS,60,20210129,220000,33.4800000
SNGS,60,20210129,230000,33.5400000
SNGS,60,20210130,000000,33.4700000
SNGS,60,20210201,110000,33.5000000
SNGS,60,20210201,120000,33.5750000
SNGS,60,20210201,130000,33.5000000
SNGS,60,20210201,140000,33.4150000
SNGS,60,20210201,150000,33.6150000
SNGS,60,20210201,160000,33.6600000
SNGS,60,20210201,170000,33.8500000
SNGS,60,20210201,180000,33.8450000
SNGS,60,20210201,190000,33.8300000
SNGS,60,20210201,200000,33.9050000
SNGS,60,20210201,210000,33.8950000
SNGS,60,20210201,220000,33.9600000
SNGS,60,20210201,230000,33.9800000
SNGS,60,20210202,000000,33.9900000
SNGS,60,20210202,110000,34.1050000
SNGS,60,20210202,120000,34.1700000
SNGS,60,20210202,130000,34.4250000
SNGS,60,20210202,140000,34.4700000
SNGS,60,20210202,150000,34.2550000
SNGS,60,20210202,160000,34.3900000
SNGS,60,20210202,170000,34.4000000
SNGS,60,20210202,180000,34.4800000
SNGS,60,20210202,190000,34.4500000
SNGS,60,20210202,200000,34.3850000
SNGS,60,20210202,210000,34.4100000
SNGS,60,20210202,220000,34.3650000
SNGS,60,20210202,230000,34.0850000
SNGS,60,20210203,000000,34.1150000
SNGS,60,20210203,110000,34.4450000
SNGS,60,20210203,120000,34.3050000
SNGS,60,20210203,130000,34.2350000
SNGS,60,20210203,140000,34.0800000
SNGS,60,20210203,150000,34.0950000
SNGS,60,20210203,160000,34.1550000
SNGS,60,20210203,170000,34.2000000
SNGS,60,20210203,180000,33.9950000
SNGS,60,20210203,190000,33.9700000
SNGS,60,20210203,200000,34.0000000
SNGS,60,20210203,210000,34.0450000
SNGS,60,20210203,220000,34.0800000
SNGS,60,20210203,230000,34.1400000
SNGS,60,20210204,000000,34.1800000
SNGS,60,20210204,110000,34.1200000
SNGS,60,20210204,120000,34.2150000
SNGS,60,20210204,130000,34.1500000
SNGS,60,20210204,140000,34.0800000
SNGS,60,20210204,150000,34.0350000
SNGS,60,20210204,160000,33.9750000
SNGS,60,20210204,170000,34.0350000
SNGS,60,20210204,180000,33.9300000
SNGS,60,20210204,190000,33.6550000
SNGS,60,20210204,200000,33.7750000
SNGS,60,20210204,210000,33.7750000
SNGS,60,20210204,220000,33.8300000
SNGS,60,20210204,230000,33.8200000
SNGS,60,20210205,000000,33.9050000
SNGS,60,20210205,110000,33.8150000
SNGS,60,20210205,120000,33.8700000
SNGS,60,20210205,130000,33.9700000
SNGS,60,20210205,140000,34.0200000
SNGS,60,20210205,150000,33.9950000
SNGS,60,20210205,160000,33.8900000
SNGS,60,20210205,170000,33.8850000
SNGS,60,20210205,180000,33.8500000
SNGS,60,20210205,190000,33.9050000
SNGS,60,20210205,200000,33.9050000
SNGS,60,20210205,210000,33.8900000
SNGS,60,20210205,220000,33.8700000
SNGS,60,20210205,230000,33.8300000
SNGS,60,20210206,000000,33.8700000
SNGS,60,20210208,110000,34.1400000
SNGS,60,20210208,120000,34.0650000
SNGS,60,20210208,130000,34.2000000
SNGS,60,20210208,140000,34.2250000
SNGS,60,20210208,150000,34.2150000
SNGS,60,20210208,160000,34.2250000
SNGS,60,20210208,170000,34.3100000
SNGS,60,20210208,180000,34.4250000
SNGS,60,20210208,190000,34.4750000
SNGS,60,20210208,200000,34.4800000
SNGS,60,20210208,210000,34.4650000
SNGS,60,20210208,220000,34.4650000
SNGS,60,20210208,230000,34.4950000
SNGS,60,20210209,000000,34.5000000
SNGS,60,20210209,110000,34.2750000
SNGS,60,20210209,120000,34.1600000
SNGS,60,20210209,130000,34.1950000
SNGS,60,20210209,140000,34.0900000
SNGS,60,20210209,150000,34.0300000
SNGS,60,20210209,160000,34.0550000
SNGS,60,20210209,170000,33.9450000
SNGS,60,20210209,180000,33.9100000
SNGS,60,20210209,190000,33.9350000
SNGS,60,20210209,200000,33.9650000
SNGS,60,20210209,210000,33.9700000
SNGS,60,20210209,220000,34.0300000
SNGS,60,20210209,230000,34.1250000
SNGS,60,20210210,000000,34.1150000
SNGS,60,20210210,110000,34.0400000
SNGS,60,20210210,120000,34.0100000
SNGS,60,20210210,130000,34.0300000
SNGS,60,20210210,140000,33.9650000
SNGS,60,20210210,150000,33.9450000
SNGS,60,20210210,160000,33.8950000
SNGS,60,20210210,170000,34.0000000
SNGS,60,20210210,180000,33.9550000
SNGS,60,20210210,190000,33.6700000
SNGS,60,20210210,200000,33.7700000
SNGS,60,20210210,210000,33.7900000
SNGS,60,20210210,220000,33.8850000
SNGS,60,20210210,230000,33.8850000
SNGS,60,20210211,000000,33.7950000
SNGS,60,20210211,110000,33.7650000
SNGS,60,20210211,120000,33.7000000
SNGS,60,20210211,130000,33.6800000
SNGS,60,20210211,140000,33.6700000
SNGS,60,20210211,150000,33.6550000
SNGS,60,20210211,160000,33.6600000
SNGS,60,20210211,170000,33.7100000
SNGS,60,20210211,180000,33.8250000
SNGS,60,20210211,190000,33.8100000
SNGS,60,20210211,200000,33.6650000
SNGS,60,20210211,210000,33.6600000
SNGS,60,20210211,220000,33.6900000
SNGS,60,20210211,230000,33.6800000
SNGS,60,20210212,000000,33.6750000
SNGS,60,20210212,110000,33.5450000
SNGS,60,20210212,120000,33.3050000
SNGS,60,20210212,130000,33.3550000
SNGS,60,20210212,140000,33.4050000
SNGS,60,20210212,150000,33.2600000
SNGS,60,20210212,160000,33.4050000
SNGS,60,20210212,170000,33.3050000
SNGS,60,20210212,180000,33.3750000
SNGS,60,20210212,190000,33.5400000
SNGS,60,20210212,200000,33.6600000
SNGS,60,20210212,210000,33.6350000
SNGS,60,20210212,220000,33.6550000
SNGS,60,20210212,230000,33.6800000
SNGS,60,20210213,000000,33.7200000
SNGS,60,20210215,110000,33.9150000
SNGS,60,20210215,120000,33.9700000
SNGS,60,20210215,130000,34.0400000
SNGS,60,20210215,140000,33.9150000
SNGS,60,20210215,150000,33.9350000
SNGS,60,20210215,160000,33.9550000
SNGS,60,20210215,170000,33.9200000
SNGS,60,20210215,180000,33.9350000
SNGS,60,20210215,190000,34.0700000
SNGS,60,20210215,200000,34.0700000
SNGS,60,20210215,210000,34.0450000
SNGS,60,20210215,220000,34.0550000
SNGS,60,20210215,230000,34.0500000
SNGS,60,20210216,000000,34.0500000
SNGS,60,20210216,110000,33.9450000
SNGS,60,20210216,120000,34.0700000
SNGS,60,20210216,130000,33.9700000
SNGS,60,20210216,140000,33.8800000
SNGS,60,20210216,150000,33.9100000
SNGS,60,20210216,160000,34.0050000
SNGS,60,20210216,170000,33.9250000
SNGS,60,20210216,180000,33.9300000
SNGS,60,20210216,190000,33.9850000
SNGS,60,20210216,200000,33.8500000
SNGS,60,20210216,210000,33.8850000
SNGS,60,20210216,220000,33.9050000
SNGS,60,20210216,230000,33.9150000
SNGS,60,20210217,000000,33.9350000
SNGS,60,20210217,110000,33.9950000
SNGS,60,20210217,120000,34.3050000
SNGS,60,20210217,130000,34.1550000
SNGS,60,20210217,140000,34.2100000
SNGS,60,20210217,150000,34.2700000
SNGS,60,20210217,160000,34.4550000
SNGS,60,20210217,170000,34.3300000
SNGS,60,20210217,180000,34.0950000
SNGS,60,20210217,190000,34.0000000
SNGS,60,20210217,200000,33.9150000
SNGS,60,20210217,210000,33.9950000
SNGS,60,20210217,220000,34.1150000
SNGS,60,20210217,230000,34.1300000
SNGS,60,20210218,000000,34.1950000
SNGS,60,20210218,110000,34.1850000
SNGS,60,20210218,120000,34.1900000
SNGS,60,20210218,130000,34.1350000
SNGS,60,20210218,140000,33.9650000
SNGS,60,20210218,150000,34.0200000
SNGS,60,20210218,160000,33.9850000
SNGS,60,20210218,170000,33.8200000
SNGS,60,20210218,180000,33.7500000
SNGS,60,20210218,190000,33.4500000
SNGS,60,20210218,200000,33.5100000
SNGS,60,20210218,210000,33.5550000
SNGS,60,20210218,220000,33.5100000
SNGS,60,20210218,230000,33.5800000
SNGS,60,20210219,000000,33.4950000
SNGS,60,20210219,110000,33.4850000
SNGS,60,20210219,120000,33.3850000
SNGS,60,20210219,130000,33.5750000
SNGS,60,20210219,140000,33.5350000
SNGS,60,20210219,150000,33.4650000
SNGS,60,20210219,160000,33.5950000
SNGS,60,20210219,170000,33.7100000
SNGS,60,20210219,180000,33.9350000
SNGS,60,20210219,190000,33.8750000
SNGS,60,20210219,200000,33.9000000
SNGS,60,20210219,210000,33.8500000
SNGS,60,20210219,220000,33.8250000
SNGS,60,20210219,230000,33.7600000
SNGS,60,20210220,000000,33.8300000
SNGS,60,20210220,110000,33.9200000
SNGS,60,20210220,120000,33.9450000
SNGS,60,20210220,130000,33.8700000
SNGS,60,20210220,140000,33.8600000
SNGS,60,20210220,150000,33.8250000
SNGS,60,20210220,160000,33.7850000
SNGS,60,20210220,170000,33.8200000
SNGS,60,20210220,180000,33.8550000
SNGS,60,20210220,190000,33.7650000
SNGS,60,20210220,200000,33.8400000
SNGS,60,20210220,210000,33.8400000
SNGS,60,20210220,220000,33.8300000
SNGS,60,20210220,230000,33.8450000
SNGS,60,20210221,000000,33.8250000
SNGS,60,20210222,110000,33.6400000
SNGS,60,20210222,120000,33.5800000
SNGS,60,20210222,130000,33.6200000
SNGS,60,20210222,140000,33.6200000
SNGS,60,20210222,150000,33.5650000
SNGS,60,20210222,160000,33.6200000
SNGS,60,20210222,170000,33.6650000
SNGS,60,20210222,180000,33.7550000
SNGS,60,20210222,190000,33.6300000
SNGS,60,20210222,200000,33.7900000
SNGS,60,20210222,210000,33.8700000
SNGS,60,20210222,220000,33.8850000
SNGS,60,20210222,230000,33.8700000
SNGS,60,20210223,000000,33.8300000
SNGS,60,20210224,110000,33.9000000
SNGS,60,20210224,120000,33.9050000
SNGS,60,20210224,130000,33.9300000
SNGS,60,20210224,140000,33.9700000
SNGS,60,20210224,150000,34.0450000
SNGS,60,20210224,160000,33.9100000
SNGS,60,20210224,170000,33.6650000
SNGS,60,20210224,180000,33.5850000
SNGS,60,20210224,190000,33.5900000
SNGS,60,20210224,200000,33.6550000
SNGS,60,20210224,210000,33.6450000
SNGS,60,20210224,220000,33.7150000
SNGS,60,20210224,230000,33.7400000
SNGS,60,20210225,000000,33.8050000
SNGS,60,20210225,110000,33.7650000
SNGS,60,20210225,120000,33.7000000
SNGS,60,20210225,130000,33.7950000
SNGS,60,20210225,140000,33.6550000
SNGS,60,20210225,150000,33.6350000
SNGS,60,20210225,160000,33.6400000
SNGS,60,20210225,170000,33.6600000
SNGS,60,20210225,180000,33.8400000
SNGS,60,20210225,190000,33.6800000
SNGS,60,20210225,200000,33.6900000
SNGS,60,20210225,210000,33.6500000
SNGS,60,20210225,220000,33.6450000
SNGS,60,20210225,230000,33.6450000
SNGS,60,20210226,000000,33.5900000
SNGS,60,20210226,110000,33.5750000
SNGS,60,20210226,120000,33.4550000
SNGS,60,20210226,130000,33.2600000
SNGS,60,20210226,140000,33.0750000
SNGS,60,20210226,150000,32.9850000
SNGS,60,20210226,160000,32.9000000
SNGS,60,20210226,170000,32.9000000
SNGS,60,20210226,180000,32.5000000
SNGS,60,20210226,190000,32.4850000
SNGS,60,20210226,200000,32.4050000
SNGS,60,20210226,210000,32.4800000
SNGS,60,20210226,220000,32.5400000
SNGS,60,20210226,230000,32.5350000
SNGS,60,20210227,000000,32.5000000
